0
0
1
3
4
4
6
7
8
8
11
11
12
12
14
17
18
18
19
19
20
20
21
22
22
23
25
26
27
29
29
30
31
32
34
35
37
38
38
40
41
42
43
43
44
45
46
47
48
49
50
51
52
53
53
54
55
56
57
59
60
61
62
62
63
63
65
66
67
68
69
69
70
71
72
73
73
75
76
77
79
80
81
82
82
83
84
85
87
88
89
90
91
91
93
94
94
95
96
97
98
98
99
99
100
100
102
103
104
106
106
107
108
109
110
111
112
113
114
115
115
116
116
117
117
118
118
119
120
121
121
122
123
124
125
126
126
127
128
129
130
130
131
132
133
134
134
135
136
138
139
140
141
141
142
143
144
145
145
146
147
148
150
151
153
154
154
155
155
156
157
157
158
159
160
160
161
162
162
163
163
165
166
167
167
168
169
170
172
173
175
175
176
177
177
178
179
179
180
181
181
182
182
183
184
186
188
189
191
194
195
196
197
199
201
202
203
204
205
205
206
208
208
209
210
210
211
212
213
214
215
216
217
218
219
220
221
222
223
224
224
225
226
228
229
230
232
233
234
235
235
236
238
239
239
240
242
243
244
245
246
248
249
249
250
250
251
252
253
254
254
257
258
258
259
260
260
261
263
264
265
266
266
267
267
269
270
270
271
273
274
275
276
277
278
279
281
282
283
284
285
286
287
287
288
289
289
290
291
291
292
293
293
294
295
296
298
299
300
303
304
304
305
307
307
308
309
310
312
312
313
313
314
315
315
316
317
318
319
320
321
322
322
323
324
326
327
328
328
329
330
331
332
333
334
336
337
337
338
339
339
340
341
342
343
344
345
345
346
347
348
351
352
352
353
353
354
355
356
358
358
359
360
361
362
363
364
365
366
366
367
367
368
370
370
371
372
373
374
375
376
379
379
381
381
382
382
383
384
385
386
387
388
389
390
392
394
395
395
397
397
398
399
399
400
401
402
403
404
404
405
405
406
407
408
409
410
411
412
412
413
414
416
417
418
419
420
420
422
423
424
424
425
426
426
427
427
428
429
430
430
431
431
432
432
433
434
434
435
436
436
437
437
438
439
440
441
442
442
443
444
444
445
445
446
447
448
449
449
450
450
451
452
453
456
456
457
459
460
461
462
463
463
464
465
468
469
469
470
472
472
473
474
476
477
478
478
479
479
480
482
482
483
483
484
486
487
488
488
490
491
491
493
493
494
494
495
496
497
497
498
499
499
500
500
501
501
502
503
505
507
507
510
511
511
512
513
514
515
516
516
517
518
519
520
521
522
523
524
524
526
527
527
528
529
530
531
532
532
533
534
535
536
538
538
539
540
541
542
543
544
545
546
547
548
548
549
550
551
551
552
552
554
554
555
556
557
558
559
560
561
562
563
564
564
565
565
566
567
568
568
569
569
570
571
572
573
574
575
576
577
579
579
580
581
582
582
583
583
585
585
586
587
588
589
590
590
591
592
592
593
594
594
595
595
597
598
600
600
601
603
604
606
606
608
608
609
610
610
611
612
612
613
613
614
615
615
616
617
618
619
619
621
622
622
623
623
624
625
627
628
630
632
633
634
635
635
637
637
638
639
640
641
642
643
644
646
647
648
648
649
650
652
653
653
654
655
656
657
658
659
660
660
662
662
663
663
664
665
666
668
669
670
671
672
673
675
676
677
677
678
680
680
681
681
682
683
685
685
687
688
690
692
693
694
695
695
697
698
699
699
700
701
702
703
704
704
705
706
706
708
709
710
710
711
711
712
713
714
715
716
716
717
718
721
724
724
725
726
727
728
729
730
731
732
733
734
735
736
737
739
740
741
742
742
744
745
745
746
747
748
